old rotation matrix
[[ 0.26249526  0.6640734   0.7000734 ]
 [ 0.0419907   0.71696621 -0.6958421 ]
 [-0.9640192   0.21205182  0.16031532]]
(3, 3)
new rotation matrix
[[ 0.26249526 -0.85459385 -0.44806873]
 [ 0.0419907   0.47402887 -0.87950748]
 [ 0.9640192   0.21205182  0.16031532]]
single rotation matrix
[[ 0.26249526 -0.85459385 -0.44806873]
 [ 0.0419907   0.47402887 -0.87950748]
 [ 0.9640192   0.21205182  0.16031532]]
angles
2.902758932659036 -1.2769698464233754 1.0185978992838596
old rotation matrix
[[-0.28139592 -0.91584988 -0.28641812]
 [ 0.06851454 -0.31689308  0.94598337]
 [-0.95714267  0.24657205  0.15192145]]
(3, 3)
new rotation matrix
[[-0.28139592  0.66765988  0.68923626]
 [ 0.06851454 -0.70244751  0.70843013]
 [ 0.95714267  0.24657205  0.15192145]]
single rotation matrix
[[-0.28139592  0.66765988  0.68923626]
 [ 0.06851454 -0.70244751  0.70843013]
 [ 0.95714267  0.24657205  0.15192145]]
